771 173 324
765 203 299
771 179 356
769 191 289
795 181 317
781 185 334
781 215 355
773 195 320
773 189 336
775 205 329
777 207 296
779 193 294
797 197 340
789 215 318
777 203 335
791 187 325
763 223 322
779 215 325
779 209 304
785 209 336
769 217 335
795 223 323
801 201 317
777 215 322
783 203 308
793 223 327
771 193 321
765 203 346
781 191 340
793 211 327
791 211 308
789 191 307
775 205 317
795 209 317
787 225 304
783 193 308
791 211 317
763 219 319
795 213 300
783 223 267
799 225 280
783 197 286
791 225 327
787 209 316
841 165 331
939 137 333
1065 19 363
1157 -93 375
1203 -205 432
1283 -327 399
1315 -447 460
1315 -605 415
1275 -745 415
1253 -903 426
1183 -1025 453
1085 -1161 476
997 -1259 518
865 -1335 532
783 -1407 587
709 -1433 644
593 -1427 654
481 -1391 697
395 -1389 693
321 -1329 744
251 -1253 774
197 -1187 774
91 -1027 757
35 -829 742
-103 -619 716
-253 -339 649
-387 37 508
-593 325 379
-821 563 190
-1107 759 -72
-1361 901 -266
-1555 891 -487
-1571 735 -511
-1505 621 -443
-1169 451 -257
-925 363 -182
-631 349 -45
-291 375 99
-3 333 181
211 337 219
455 309 244
619 291 282
809 201 316
925 125 342
1023 77 353
1113 -37 323
1197 -139 370
1237 -229 345
1295 -381 402
1293 -469 386
1299 -437 406
1273 -451 420
1299 -445 415
1313 -443 412
1275 -461 355
1299 -447 431
1269 -463 384
1277 -453 362
1275 -469 416
1257 -449 383
1281 -443 417
1267 -457 402
1287 -433 387
1251 -413 376
1257 -359 445
1241 -325 441
1245 -273 449
1229 -229 439
1235 -199 430
1221 -153 445
1235 -117 385
1247 -79 420
1241 -89 370
1249 -57 383
1229 -31 388
1201 -37 398
1195 -11 414
1173 9 454
1161 -11 476
1159 21 484
1131 39 514
1115 33 565
1093 63 580
1063 67 568
1037 95 649
1029 107 663
971 109 732
923 147 753
883 179 768
851 177 788
843 189 786
771 211 820
661 251 872
541 247 911
479 259 922
401 217 942
345 149 1015
329 57 1059
385 -23 1059
477 -127 1036
587 -159 1042
721 -195 1016
765 -225 1006
793 -215 1003
811 -231 997
909 -219 945
935 -199 917
959 -199 892
1027 -175 895
1043 -133 885
1043 -97 791
1061 15 787
1077 31 714
1107 43 704
1139 29 671
1167 15 651
1173 -7 610
1221 33 574
1223 49 506
1257 33 429
1281 -17 399
1309 5 294
1267 13 187
1255 7 144
1281 5 82
1269 -53 75
1277 -115 27
1289 -179 11
1275 -233 -85
1287 -295 -166
1231 -295 -151
1285 -317 -179
1265 -329 -137
1307 -357 -38
1297 -391 -75
1313 -425 -72
1307 -427 -78
1291 -461 -111
1285 -481 -102
1277 -523 -135
1259 -573 -99
1245 -609 -161
1209 -621 -249
1191 -575 -318
1203 -545 -322
1201 -497 -339
1183 -435 -334
1175 -373 -371
1167 -315 -352
1177 -269 -322
1167 -247 -309
1181 -199 -319
1165 -177 -332
1159 -157 -316
1131 -131 -360
1061 -147 -451
1287 -383 504
1265 -379 500
1229 -369 504
1247 -365 475
1243 -357 502
1243 -363 481
1265 -371 495
1263 -363 471
1247 -357 503
1257 -373 485
1249 -379 488
1243 -351 502
1253 -367 500
1253 -377 498
1259 -367 513
1257 -363 524
1263 -353 512
1241 -351 492
1231 -361 492
1263 -363 503
1251 -359 477
1247 -371 483
1267 -373 505
1237 -369 505
1267 -367 499
1243 -355 490
1253 -367 497
1255 -361 482
1251 -377 530
1257 -367 540
1253 -369 500
1239 -359 498
1259 -387 510
1243 -361 505
1257 -361 498
1253 -363 509
1249 -359 515
1235 -369 489
1251 -369 497
1233 -377 497
1263 -361 527
1251 -361 488
1251 -369 502
1263 -373 528
1261 -359 488
1271 -375 508
1247 -367 485
1253 -379 492
1251 -361 535
1247 -353 493
1237 -361 481
1245 -379 497
1255 -377 508
1249 -377 496
1255 -361 500
1249 -361 490
1253 -371 494
1249 -375 461
1239 -385 509
1259 -377 525
1245 -383 499
1259 -369 513
1245 -363 510
1251 -379 508
1239 -381 501
1249 -381 477
1263 -363 502
1255 -373 493
1269 -377 481
1243 -377 511
1253 -357 512
1243 -387 517
1247 -377 489
1251 -389 486
1251 -379 480
1273 -369 524
1261 -391 503
1249 -377 504
1253 -377 530
1241 -363 494
1249 -397 505
1265 -371 513
1255 -369 522
1261 -375 499
1237 -377 517
1257 -375 515
1233 -381 522
1255 -365 500
1255 -377 514
1255 -379 491
1241 -359 522
1233 -369 487
1243 -367 498
1241 -383 508
1245 -361 528
1253 -363 469
1247 -359 506
1245 -359 456
1251 -375 472
1259 -371 516
1253 -391 445
1261 -381 505
1253 -381 506
1265 -379 493
1269 -397 484
1247 -379 502
1279 -389 470
1263 -381 470
1257 -393 485
1273 -387 490
1271 -407 506
1281 -405 503
1261 -383 494
1279 -451 522
1261 -485 520
1291 -571 524
1281 -611 500
1251 -685 522
1259 -747 510
1241 -821 526
1221 -901 543
1201 -973 546
1151 -1045 560
1101 -1095 556
1059 -1171 567
1025 -1227 561
961 -1259 597
879 -1321 596
841 -1341 585
783 -1371 598
711 -1411 651
653 -1431 653
631 -1475 688
537 -1453 700
471 -1423 688
435 -1433 703
395 -1419 704
347 -1403 703
325 -1401 710
251 -1343 681
223 -1299 700
191 -1277 731
145 -1201 749
85 -1129 706
107 -1083 702
59 -939 719
-31 -855 666
-71 -759 661
-143 -607 680
-153 -441 641
-249 -287 571
-291 -131 514
-435 65 396
-491 325 355
-647 555 189
-817 723 38
-929 887 -118
-1143 987 -275
-1291 1029 -393
-1445 1195 -638
-1589 1313 -796
-1667 1263 -879
-1697 1145 -938
-1751 1027 -1001
-1699 893 -984
-1653 757 -896
-1545 649 -778
-1523 567 -775
-1367 497 -629
-1233 393 -582
-1051 319 -499
-835 333 -335
-739 277 -270
-541 273 -177
-357 255 -102
-213 247 -4
-59 263 61
71 259 104
223 265 186
323 245 212
435 257 264
525 225 280
611 193 286
713 187 302
777 157 343
849 113 374
939 69 425
967 31 412
1017 -9 432
1055 -71 426
1093 -121 447
1139 -181 470
1133 -243 491
1177 -275 460
1187 -355 528
1207 -389 494
1229 -473 515
1241 -495 538
1215 -565 510
1223 -657 533
-243 -1005 -535
-441 -969 -347
-517 -991 -198
-501 -1029 -159
-243 -1117 -440
363 -1127 -615
939 -907 -494
1205 -901 -58
1161 -837 473
839 -809 838
471 -963 917
235 -1005 926
271 -1023 927
389 -973 949
443 -901 1011
465 -873 975
429 -857 1039
479 -827 1030
509 -813 1004
611 -697 953
699 -551 967
653 -669 994
577 -563 1020
459 -537 1094
-137 -597 992
-405 -605 836
-625 -641 573
-679 -691 420
-679 -787 357
-681 -785 282
-699 -777 361
-585 -663 662
-155 -659 996
477 -659 1073
1001 -415 860
1277 -263 379
1319 -185 -65
1319 -327 -196
1349 -475 -193
1323 -531 -317
1299 -613 -338
1355 -575 -387
1309 -575 -389
1339 -643 -340
1361 -679 -140
1355 -697 157
1319 -609 406
1245 -547 538
1239 -443 586
1217 -263 563
1213 -115 462
1203 35 338
1209 85 158
1153 153 31
1165 101 -109
1165 35 -173
1181 69 -15
1223 25 285
1233 -173 456
1275 -419 484
1297 -635 256
1303 -719 96
1303 -723 -44
1293 -667 -168
1297 -633 -208
1273 -641 -199
1287 -801 -96
1237 -929 182
1181 -969 395
1065 -919 620
979 -861 796
1127 -621 702
1201 -115 502
859 377 428
407 447 535
45 375 614
-295 133 609
-513 -171 603
-587 -317 578
-511 -177 611
-195 251 593
465 495 410
1177 103 232
1331 -527 235
1171 -903 397
923 -1183 510
553 -1335 663
31 -1281 804
-389 -1113 714
-555 -819 708
-475 -761 833
-207 -1239 804
605 -1389 634
1171 -755 639
1243 -157 501
1119 187 428
945 261 509
933 285 452
1087 165 365
1329 -269 174
1277 -551 440
1293 -567 461
1279 -539 470
1271 -567 464
1273 -571 437
1283 -571 430
1273 -575 438
1269 -579 446
1273 -567 434
1261 -573 439
1269 -561 427
1289 -543 449
1283 -555 404
1291 -573 436
1269 -563 450
1269 -563 451
1251 -583 439
1277 -585 427
1263 -583 462
1267 -579 461
1283 -579 468
1263 -605 487
1265 -623 508
1273 -603 492
1259 -603 482
1275 -595 481
1247 -589 502
1273 -599 491
1265 -595 495
1275 -601 485
1243 -591 500
1283 -589 481
1247 -603 517
1263 -595 497
1273 -601 471
1267 -585 473
1257 -601 465
1279 -609 466
1271 -599 484
1273 -595 465
1253 -591 496
1263 -593 507
1257 -599 486
1265 -579 524
1261 -591 481
1259 -583 478
1261 -591 470
1281 -581 488
1267 -575 475
1259 -603 485
1251 -605 452
1265 -581 500
1253 -565 483
1251 -611 484
1269 -597 506
1267 -589 486
1249 -591 496
1273 -571 467
1275 -549 497
1289 -563 441
1287 -557 448
1271 -555 486
1269 -573 457
1263 -577 474
1277 -567 440
1261 -573 461
1271 -565 454
1273 -551 459
1265 -565 472
1251 -591 442
1239 -645 476
1241 -715 444
1225 -791 497
1199 -825 497
1173 -913 474
1149 -969 497
1129 -1041 507
1075 -1069 533
1033 -1115 534
1027 -1181 532
961 -1235 535
911 -1287 569
833 -1307 575
797 -1341 591
743 -1369 611
691 -1381 612
599 -1399 639
563 -1415 668
529 -1415 704
465 -1403 648
441 -1413 736
383 -1379 721
327 -1359 746
289 -1325 733
249 -1277 746
209 -1243 778
213 -1211 770
145 -1131 836
119 -1063 844
99 -967 888
607 431 775
627 411 795
629 411 759
635 437 764
627 443 710
639 461 715
637 439 715
627 471 691
627 473 711
637 465 689
627 465 722
593 503 698
697 479 716
719 503 648
845 499 709
925 471 699
1005 481 698
1099 469 709
1187 447 694
1261 449 687
1351 403 711
1435 417 703
1463 419 681
1507 397 664
1543 421 632
1637 445 677
1607 465 578
1637 477 562
1623 513 518
1539 513 440
1523 609 363
1425 573 242
1329 613 135
1197 651 -49
1023 583 -210
817 553 -405
621 395 -481
415 291 -595
223 157 -686
15 -75 -758
-99 -307 -805
-219 -461 -723
-275 -685 -724
-295 -889 -580
-441 -1055 -526
-383 -1233 -439
-439 -1327 -358
-401 -1441 -271
-309 -1509 -153
-355 -1591 -101
-357 -1629 -33
-309 -1589 134
-277 -1633 169
-343 -1651 169
-303 -1577 297
-307 -1589 352
-337 -1565 389
-345 -1525 429
-359 -1489 457
-395 -1495 490
-401 -1415 521
-433 -1371 569
-449 -1341 541
-495 -1271 580
-495 -1213 619
-531 -1151 592
-601 -1077 625
-603 -1001 653
-591 -965 658
-627 -909 682
-629 -825 683
-661 -737 683
-647 -661 701
-643 -577 682
-625 -509 704
-631 -425 723
-617 -331 718
-595 -305 726
-617 -357 712
-555 -395 729
-509 -403 769
-527 -411 722
-535 -391 712
-511 -387 707
-525 -315 643
-507 -275 641
-567 -307 556
-517 -227 574
-427 -71 624
-415 -97 598
-367 -47 659
-381 -17 617
-395 41 559
-307 97 613
-201 163 670
-125 241 688
-11 299 720
107 359 747
211 395 761
341 453 766
-589 -357 793
-599 -349 789
-585 -369 788
-585 -341 774
-601 -331 781
-599 -353 774
-617 -335 769
-613 -371 806
-593 -373 795
-595 -367 819
-569 -367 852
-555 -381 829
-543 -371 857
-551 -401 862
-555 -385 847
-545 -379 853
-541 -377 863
-549 -383 894
-525 -373 878
-531 -373 867
-535 -389 873
-525 -367 858
-541 -365 863
-559 -365 876
-553 -367 862
-551 -369 829
-557 -371 864
-569 -357 826
-557 -361 862
-543 -349 831
-527 -255 831
-495 -215 816
-487 -133 857
-423 -95 805
-423 23 807
-363 91 822
-283 147 789
-251 183 806
-197 219 812
-151 267 773
-49 297 825
35 335 805
107 375 808
183 411 784
263 425 796
349 447 773
459 435 824
521 459 806
609 471 791
697 473 779
763 483 774
859 483 752
937 487 794
1027 477 772
1137 481 808
1203 455 756
1291 433 755
1377 445 756
1459 421 776
1441 433 755
1523 435 715
1547 451 665
1631 453 649
1629 475 604
1615 485 571
1613 565 495
1577 561 456
1513 603 339
1399 633 194
1311 619 115
1139 597 11
977 623 -209
811 495 -295
617 395 -444
429 241 -535
263 65 -654
73 -127 -743
-69 -349 -732
-207 -507 -705
-283 -713 -611
-339 -923 -629
-333 -1061 -490
-381 -1247 -435
-371 -1345 -282
-313 -1461 -211
-317 -1539 -76
-337 -1611 -63
-289 -1653 63
-261 -1641 133
-295 -1639 229
-307 -1697 266
-275 -1653 366
-307 -1629 410
-307 -1653 416
-321 -1609 473
-335 -1563 472
-371 -1551 506
-345 -1521 551
-399 -1461 578
-447 -1427 535
-1067 -221 392
-1083 -233 355
-1081 -231 382
-1079 -221 358
-1065 -239 377
-1083 -223 378
-1081 -215 392
-1091 -227 377
-1075 -221 356
-1069 -229 361
-1093 -225 394
-1083 -219 356
-1091 -227 359
-1093 -221 369
-1091 -229 367
-1097 -201 340
-1105 -219 374
-1095 -213 367
-1097 -233 375
-1085 -221 349
-1079 -227 374
-1099 -207 396
-1103 -223 374
-1089 -217 343
-1087 -215 388
-1099 -221 369
-1101 -215 384
-1127 -201 364
-1095 -221 380
-1111 -213 353
-1111 -209 408
-1091 -211 371
-1121 -221 374
-1109 -231 362
-1085 -207 379
-1103 -237 399
-1101 -243 368
-1091 -249 343
-1097 -217 370
-1097 -217 352
-1097 -207 381
-1099 -213 377
-1079 -209 383
-1085 -201 360
-1069 -181 327
-1045 -129 377
-1039 -55 389
-981 33 363
-949 101 394
-907 149 430
-857 215 432
-779 291 433
-749 345 457
-673 399 457
-599 443 460
-517 489 504
-431 541 487
-371 571 496
-283 587 503
-189 607 474
-121 623 490
-37 635 478
47 631 500
133 641 524
201 639 522
277 629 501
365 593 501
439 557 538
511 535 517
587 523 539
637 465 550
723 419 551
793 373 536
813 323 545
875 273 484
937 215 541
979 137 492
1015 87 524
1029 11 509
1085 -79 504
1097 -145 518
1147 -213 536
1163 -291 506
1165 -367 479
1157 -473 425
1133 -543 441
1147 -611 423
1133 -707 430
1103 -805 383
1057 -891 378
1025 -975 399
1015 -1035 374
915 -1129 376
899 -1191 380
833 -1239 322
753 -1321 290
675 -1351 298
609 -1419 318
537 -1445 302
467 -1497 281
-1083 -539 223
-1099 -447 248
-1129 -399 217
-1119 -295 242
-1133 -209 245
-1107 -135 202
-1097 -75 233
-1089 11 274
-1037 107 226
-987 161 275
-955 239 248
-927 321 259
-877 393 247
-843 429 285
-769 503 266
-693 577 280
-633 603 280
-547 653 263
-515 703 334
-399 719 291
-301 725 327
-257 765 327
-185 773 350
-117 789 343
-29 767 331
69 789 341
147 783 350
219 775 340
295 761 361
405 759 391
461 711 400
555 659 417
601 637 415
687 599 438
751 549 404
825 483 449
859 439 425
921 393 410
977 313 415
1025 261 414
1063 193 474
1097 121 474
1113 59 463
1145 -45 470
1153 -95 486
1191 -189 454
1155 -277 451
1191 -373 448
1185 -447 437
1123 -553 442
1133 -623 451
1109 -721 472
1083 -825 468
997 -881 428
1015 -925 452
909 -1013 406
871 -1113 403
785 -1143 381
721 -1221 353
661 -1259 352
575 -1315 381
513 -1359 345
409 -1363 330
385 -1419 373
283 -1419 338
197 -1461 353
121 -1461 337
31 -1477 312
-81 -1443 322
-161 -1439 303
-249 -1425 315
-345 -1405 284
-423 -1365 295
-503 -1317 243
-575 -1293 265
-651 -1239 269
-719 -1181 272
-807 -1119 236
-853 -1071 269
-897 -969 273
-963 -911 237
-991 -845 242
-1039 -749 234
-1061 -707 239
-1099 -591 238
-1105 -507 232
-1137 -431 226
-1105 -335 215
-1129 -273 219
-1099 -209 218
-1097 -127 203
-1091 -63 229
-1077 31 194
-1053 113 187
-1003 185 232
-961 249 284
-921 321 279
-895 375 271
-829 425 287
-719 497 258
801 -1141 429
679 -1265 420
509 -1361 409
389 -1415 352
225 -1471 369
87 -1505 348
-99 -1503 320
-277 -1475 292
-423 -1407 243
-589 -1345 228
-743 -1249 229
-877 -1131 239
-985 -1007 203
-1069 -867 243
-1107 -689 173
-1163 -503 184
-1121 -337 182
-1117 -193 204
-1069 -45 190
-1027 103 179
-937 233 216
-841 389 223
-703 471 240
-563 583 278
-421 625 266
-281 691 285
-117 721 335
37 763 373
213 715 412
329 681 376
513 637 432
637 567 448
773 433 457
889 353 480
959 217 480
1059 63 486
1101 -99 513
1117 -259 507
1133 -409 504
1111 -587 473
1083 -721 472
995 -929 480
901 -1069 447
793 -1191 402
673 -1321 419
531 -1395 353
353 -1461 366
201 -1527 382
7 -1509 299
-169 -1491 294
-339 -1457 248
-495 -1399 229
-661 -1317 262
-781 -1221 227
-891 -1101 202
-991 -943 185
-1091 -795 163
-1135 -619 172
-1131 -477 147
-1161 -343 170
-1131 -163 185
-1081 -47 201
-1025 121 178
-1019 137 220
-1003 151 199
-1007 149 210
-997 147 206
-985 155 209
-995 137 209
-997 167 195
-991 155 217
-977 141 213
-973 143 230
-993 165 219
-969 147 202
-969 159 213
-1001 163 249
-983 169 182
-983 135 212
-1007 155 205
-983 139 207
-979 169 188
-1019 151 217
-987 149 208
-993 153 226
-995 161 218
-975 167 151
-977 147 204
-981 147 181
-991 155 198
-981 147 201
-977 169 202
-981 151 188
-991 139 183
-995 149 198
-981 151 195
-989 159 202
-997 165 230
-983 167 219
-993 165 194
787 413 500
977 147 494
1095 -117 536
1127 -439 497
1055 -765 503
863 -1067 439
599 -1311 389
287 -1455 380
-53 -1489 310
-373 -1433 293
-647 -1323 205
-885 -1081 196
-1049 -803 169
-1123 -455 200
-1077 -161 193
-981 155 226
-783 407 222
-507 597 242
-217 699 311
97 705 376
407 685 439
681 527 505
919 289 511
1067 5 524
1123 -291 503
1149 -315 555
1087 7 531
931 281 509
685 489 492
401 641 448
121 703 346
-205 713 313
-515 579 274
-779 391 218
-991 163 203
-1117 -153 141
-1141 -521 154
-1061 -845 139
-897 -1119 157
-659 -1355 181
-349 -1503 238
-45 -1575 305
325 -1487 354
687 -1335 406
937 -1075 460
1061 -771 517
1181 -443 559
1167 -351 539
1177 -329 524
1157 -165 553
1163 11 423
1153 183 388
1179 227 309
1157 233 300
1153 239 293
1207 155 297
1311 -189 306
1269 -559 311
1153 -931 310
917 -1245 233
599 -1463 168
303 -1563 165
-107 -1597 129
-419 -1543 45
-753 -1367 -12
-977 -1077 -59
-1161 -799 -49
-1219 -489 -123
-1181 -117 -85
-1049 223 -32
-811 489 -11
-545 709 76
-227 819 101
127 839 176
493 769 266
821 621 268
1071 351 288
1095 273 296
1137 275 301
1193 89 253
1205 -269 53
1063 -457 -377
801 -473 -748
651 -377 -892
655 -317 -965
671 -251 -912
639 -119 -919
539 91 -914
381 171 -921
269 215 -959
111 245 -989
-29 221 -1037
-165 177 -1072
-315 97 -1147
-433 -51 -1146
-507 -223 -1161
-511 -367 -1154
-485 -517 -1192
-421 -693 -1185
-265 -877 -1155
1167 -285 502
1163 -311 512
1149 -293 511
1161 -299 492
1161 -383 500
1105 -713 470
955 -1023 427
719 -1291 362
363 -1479 335
65 -1563 288
-299 -1525 239
-633 -1391 199
-887 -1185 153
-1059 -873 93
-1161 -549 120
-1145 -193 128
-1019 131 137
-867 369 148
-597 575 234
-301 711 268
65 739 310
373 673 414
653 549 461
907 327 439
1077 65 496
1141 -265 530
1171 -289 501
1121 -233 639
1085 -123 654
1095 81 606
1067 265 562
1101 283 433
1143 263 381
1123 283 384
1037 405 373
729 667 334
407 817 276
43 841 204
-347 795 166
-621 657 115
-869 435 66
-1093 147 47
-1207 -201 -34
-1195 -557 5
-1139 -897 21
-951 -1147 32
-699 -1379 38
-361 -1567 119
37 -1607 163
367 -1573 206
679 -1425 269
979 -1203 342
1161 -841 341
1289 -457 351
1279 -85 384
1173 239 415
1161 259 395
1111 77 599
1183 -229 600
1139 -363 -199
767 -397 -834
741 -397 -840
691 -397 -899
681 -373 -934
637 -475 -967
575 -653 -954
481 -791 -996
311 -901 -1070
117 -967 -1075
-67 -947 -1091
-237 -871 -1135
-363 -719 -1162
-489 -569 -1166
-509 -393 -1190
-493 -235 -1189
-435 -71 -1153
-341 91 -1108
-203 183 -1110
-63 229 -1027
111 237 -988
257 201 -970
373 155 -946
507 73 -923
621 -71 -954
661 -225 -930
691 -355 -921
693 -381 -907
693 -371 -885
703 -373 -919
965 -363 -590
1199 -265 298
1173 -261 531
1173 -315 543
1189 -289 486
1153 -155 545
1031 153 556
831 423 489
565 593 467
259 677 422
-77 701 309
489 1285 1171
463 1287 1170
475 1285 1153
467 1307 1145
487 1313 1167
489 1293 1166
491 1313 1150
471 1295 1190
483 1297 1171
499 1303 1185
473 1319 1147
487 1301 1143
503 1301 1171
501 1297 1177
489 1297 1195
513 1295 1184
481 1305 1190
479 1307 1173
499 1307 1187
501 1295 1158
499 1291 1173
491 1287 1181
491 1309 1153
487 1301 1163
477 1285 1202
489 1289 1171
509 1295 1167
493 1309 1138
499 1297 1181
493 1305 1179
485 1305 1192
503 1293 1177
477 1301 1188
479 1309 1167
445 1307 1192
-51 1253 1290
-567 1043 1357
-1003 657 1381
-1263 257 1418
-1377 -249 1357
-1361 -725 1333
-1183 -1129 1198
-941 -1419 1181
-653 -1659 1112
-295 -1795 1044
117 -1845 971
483 -1763 917
867 -1617 907
1183 -1347 859
1447 -1037 818
1583 -681 830
1657 -271 853
1631 179 876
1491 611 900
1147 1009 1002
691 1225 1104
495 1281 1169
497 1277 1177
471 1303 1173
481 1291 1151
499 1275 1180
499 1299 1163
497 1279 1168
523 1291 1147
525 1271 1135
945 1125 1034
1343 795 926
1601 385 881
1659 -87 872
1655 -491 838
1511 -893 819
1309 -1245 857
1023 -1505 870
671 -1717 899
265 -1829 963
-99 -1833 995
-465 -1755 1061
-791 -1549 1116
-1085 -1287 1186
-1297 -905 1310
-1381 -453 1390
-1317 27 1402
-1147 505 1409
-781 909 1375
-295 1207 1327
271 1279 1216
499 1295 1154
497 1291 1181
491 1299 1183
485 1277 1175
467 1283 1166
477 1281 1156
467 1281 1164
479 1295 1127
483 1279 1187
477 1069 1317
511 813 1462
515 569 1479
535 299 1499
643 13 1408
425 1275 1165
437 1269 1158
439 1251 1151
447 1271 1178
441 1259 1183
429 1265 1162
447 1275 1173
453 1271 1170
441 1267 1147
439 1277 1173
423 1273 1167
451 1271 1169
435 1265 1185
445 1255 1141
693 1203 1113
1117 993 1002
1435 615 886
1611 181 893
1645 -279 829
1591 -663 849
1427 -1027 849
1185 -1339 883
841 -1591 875
469 -1769 958
103 -1797 976
-277 -1779 985
-601 -1651 1099
-925 -1433 1191
-1159 -1121 1210
-1317 -697 1309
-1357 -251 1382
-1229 257 1438
-963 657 1406
-561 1011 1339
-37 1239 1258
393 1257 1154
439 1261 1156
439 1259 1154
453 1281 1197
441 1295 1200
437 1287 1167
449 1283 1166
439 1291 1196
443 1295 1182
431 1127 1283
463 937 1421
461 643 1489
491 387 1501
577 77 1451
703 -179 1291
873 -395 1104
1187 -599 889
1467 -871 622
1617 -1191 422
1417 -1403 253
959 -1249 99
603 -825 -116
393 -203 -276
411 453 -229
445 799 -86
475 1065 102
469 1265 301
465 1413 494
483 1465 684
493 1431 933
473 1303 1115
487 1281 1131
465 1297 1161
465 1297 1155
487 1305 1137
485 1291 1164
487 1307 1140
479 1287 1167
479 1315 1155
421 1303 1142
283 1287 1180
127 1301 1159
-29 1327 1109
-149 1373 1040
-225 1409 890
-209 1443 762
-191 1495 695
-63 1535 546
81 1613 481
263 1629 451
483 1665 433
629 1625 485
773 1577 527
855 1547 622
903 1501 654
943 1475 800
917 1419 793
847 1401 906
761 1355 990
665 1317 1057
547 1299 1116
473 1313 1171
481 1307 1174
481 1301 1158
521 1321 1138
-219 -1793 1017
-117 -1813 1000
-27 -1815 994
81 -1827 959
169 -1831 1010
269 -1807 939
357 -1803 954
451 -1801 946
535 -1757 933
629 -1745 913
691 -1707 918
771 -1655 909
885 -1609 908
937 -1557 897
1023 -1507 877
1111 -1429 898
1189 -1375 856
1239 -1299 864
1303 -1211 853
1373 -1155 860
1421 -1063 859
1477 -959 831
1523 -873 863
1573 -775 837
1607 -667 825
1637 -573 861
1663 -471 845
1671 -373 829
1675 -285 844
1701 -207 873
1661 -75 856
1681 39 838
1637 167 840
1599 269 895
1599 393 931
1563 473 924
1507 577 965
1465 679 951
1363 773 959
1285 863 1017
1181 957 1000
1115 1061 1042
989 1103 1073
855 1169 1090
769 1211 1123
625 1273 1176
547 1257 1155
565 1279 1217
555 1261 1166
579 1263 1168
563 1277 1146
549 1283 1160
553 1291 1166
559 1279 1167
563 1295 1163
559 1273 1152
569 1281 1190
587 1271 1146
577 1285 1216
577 1265 1156
573 1279 1148
549 1281 1164
579 1297 1163
567 1297 1131
561 1291 1163
569 1285 1141
579 1283 1143
571 1293 1185
581 1287 1142
587 1301 1149
583 1287 1184
587 1293 1164
585 1299 1180
561 1297 1166
585 1275 1173
577 1289 1176
575 1301 1156
569 1287 1157
563 1307 1176
561 1293 1175
571 1293 1137
561 1307 1127
559 1307 1159
549 1299 1154
557 1283 1157
561 1287 1173
579 1297 1153
561 1295 1180
561 1297 1144
585 1307 1183
579 1297 1183
595 1267 1153
587 1301 1158
575 1291 1169
605 1257 1146
711 1215 1099
827 1187 1077
935 1141 1076
1087 1051 1048
1189 995 977
1309 913 975
1369 813 929
1429 703 954
1499 625 925
1555 501 923
1603 405 906
1643 291 885
1623 215 876
1685 119 863
1693 25 866
1705 -117 843
1681 -231 864
1677 -339 843
1669 -453 850
1645 -545 834
1595 -633 817
1567 -755 862
1519 -871 868
1497 -975 848
1429 -1049 829
1375 -1149 844
1297 -1227 841
1241 -1297 874
1145 -1393 853
1071 -1455 891
983 -1517 886
919 -1565 902
829 -1613 890
737 -1661 899
643 -1715 908
573 -1725 965
481 -1767 948
379 -1805 969
309 -1785 996
209 -1799 972
131 -1833 1006
-3 -1827 972
-85 -1833 978
-185 -1811 1009
-249 -1789 1036
-367 -1775 1092
-435 -1745 1078
-557 -1703 1113
-629 -1657 1100
-735 -1609 1162
-831 -1547 1182
-879 -1455 1144
-949 -1379 1202
-1055 -1315 1183
-1103 -1235 1227
-1183 -1137 1280
-1239 -1027 1248
-1255 -935 1343
-1307 -843 1329
-1345 -703 1367
-1371 -583 1359
-1365 -467 1382
-1375 -377 1384
-1379 -257 1407
-1349 -139 1410
-1335 -31 1436
-1277 91 1423
-1257 215 1470
-1201 335 1444
-1151 447 1439
-1083 559 1428
-993 671 1437
-897 779 1447
-791 883 1413
-675 973 1401
-549 1053 1377
-401 1125 1353
-291 1183 1327
-169 1211 1319
-53 1247 1306
97 1267 1260
217 1279 1255
361 1303 1213
467 1287 1187
509 1297 1174
483 1279 1188
505 1285 1165
491 1279 1197
501 1287 1162
519 1279 1169
509 1283 1163
483 1291 1178
495 1293 1180
499 1299 1177
499 1289 1167
489 1317 1198
491 1301 1181
503 1293 1216
501 1283 1191
517 1295 1204
499 1301 1179
499 1309 1169
479 1309 1161
505 1297 1164
473 1305 1161
483 1301 1190
479 1287 1193
511 1305 1190
503 1307 1191
509 1289 1191
491 1289 1175
505 1311 1180
487 1283 1201
505 1283 1181
495 1263 1238
493 1211 1267
491 1185 1305
497 1103 1326
499 1051 1340
509 991 1380
495 947 1413
497 869 1443
511 779 1459
501 719 1496
511 619 1480
527 553 1529
539 483 1562
539 425 1554
555 359 1542
565 285 1498
597 173 1518
609 105 1460
631 71 1436
673 -29 1440
669 -93 1382
715 -163 1386
741 -187 1375
789 -227 1310
795 -275 1300
857 -329 1275
897 -369 1246
899 -401 1275
925 -437 1240
927 -455 1252
905 -447 1232
935 -465 1187
919 -475 1194
927 -431 1210
935 -431 1214
921 -433 1219
919 -431 1221
933 -401 1240
925 -399 1231
927 -407 1229
925 -373 1212
903 -395 1225
929 -373 1256
961 -371 1161
909 -375 1171
929 -329 1196
927 -347 1177
911 -337 1182
925 -333 1206
913 -353 1192
921 -337 1167
917 -341 1189
915 -331 1185
897 -327 1139
915 -311 1165
879 -325 1169
897 -355 1152
905 -345 1159
901 -327 1168
901 -367 1187
919 -343 1190
909 -359 1212
897 -367 1191
927 -347 1173
919 -355 1169
907 -351 1162
921 -359 1206
925 -357 1211
915 -355 1159
927 -353 1213
913 -359 1161
903 -357 1201
899 -359 1194
901 -363 1202
909 -373 1165
901 -343 1173
913 -359 1172
935 -359 1160
919 -337 1193
907 -363 1195
893 -353 1195
895 -329 1198
899 -349 1176
875 -357 1222
883 -311 1238
839 -299 1229
833 -279 1234
795 -247 1277
731 -169 1335
663 -73 1378
619 25 1430
589 129 1448
541 221 1451
543 293 1473
521 373 1503
517 439 1494
489 547 1502
463 687 1481
451 813 1485
441 875 1419
453 891 1413
469 853 1444
459 869 1407
475 859 1438
451 845 1424
461 871 1421
463 857 1425
479 879 1471
439 891 1438
475 905 1453
451 915 1412
443 945 1396
425 1057 1358
439 1191 1250
423 1303 1155
455 1339 1055
455 1385 1036
451 1391 1028
447 1389 1032
431 1391 1027
471 1407 1061
475 1391 1028
473 1369 1060
463 1391 1069
477 1401 1058
469 1399 1037
459 1383 1054
473 1399 1062
473 1401 1035
449 1391 1039
457 1387 1020
467 1391 1027
449 1391 1069
457 1383 1035
455 1387 1075
447 1385 1045
467 1401 1055
467 1401 1063
467 1405 1051
463 1385 1030
467 1379 1056
505 1367 1047
487 1387 1032
483 1383 1050
509 1379 1049
493 1389 1054
495 1381 1072
503 1383 1045
491 1393 1057
507 1383 1052
491 1389 1024
503 1389 1048
499 1383 1074
503 1395 1058
509 1381 1075
501 1387 1069
491 1367 1075
507 1385 1069
513 1379 1047
501 1389 1054
477 1383 1058
475 1379 1051
487 1377 1040
501 1393 1049
485 1375 1063
461 1381 1058
467 1391 1060
461 1393 1067
477 1393 1062
467 1391 1088
465 1385 1038
473 1379 1086
453 1377 1061
451 1397 1055
457 1379 1047
439 1389 1052
447 1413 1056
463 1401 1079
449 1383 1029
423 1373 1037
445 1403 1067
433 1365 1069
431 1381 1049
447 1381 1074
435 1387 1068
447 1379 1048
437 1403 1084
423 1383 1036
381 1403 1046
367 1405 1096
367 1409 1077
-1199 -79 362
-1129 -105 270
-1075 -109 219
-1023 -135 237
-947 -173 116
-857 -197 119
-783 -217 60
-709 -263 13
-601 -287 -47
-523 -311 -74
-347 -353 -101
-223 -349 -125
-85 -357 -180
87 -399 -141
221 -379 -119
361 -339 -112
449 -353 -125
573 -369 -62
659 -399 -33
763 -387 -25
885 -407 109
1047 -307 145
1127 -251 278
1237 -169 330
1289 -103 393
1303 -45 490
1323 13 501
1295 35 587
1299 61 607
1289 63 651
1241 71 731
1217 111 799
1179 105 863
1137 99 870
1099 99 932
1039 97 913
985 85 986
933 29 1084
885 43 1079
853 43 1083
821 53 1113
819 25 1095
829 39 1106
825 45 1092
821 23 1059
827 45 1105
811 39 1121
819 43 1127
795 55 1145
841 55 1142
813 19 1117
779 29 1175
771 17 1164
879 15 1055
909 31 1014
839 -9 1089
789 -37 1093
845 7 1084
833 -49 1117
811 -43 1125
823 63 1093
839 9 1182
827 7 1158
835 19 1163
849 9 1159
795 11 1169
829 -1 1151
839 7 1157
831 21 1167
849 19 1153
891 21 1097
895 27 1149
895 17 1130
899 21 1150
885 15 1137
879 -5 1136
889 15 1148
883 -7 1113
895 13 1129
899 5 1136
891 7 1103
915 15 1104
941 27 1080
873 37 1121
887 9 1132
917 -7 1139
911 21 1125
887 5 1168
889 29 1133
883 39 1142
883 -9 1124
895 -5 1125
895 -13 1114
883 7 1117
905 -29 1110
983 31 1053
1087 53 990
1161 89 814
1247 97 712
1277 115 636
1285 69 601
1299 35 490
1289 -75 413
1213 -167 290
1045 -249 163
877 -337 78
783 -403 84
727 -405 -18
771 -415 49
779 -365 82
817 -381 97
829 -355 105
809 -393 71
801 -373 96
831 -365 107
851 -365 75
845 -383 95
853 -351 92
851 -341 101
835 -365 125
835 -345 108
841 -373 88
845 -369 110
823 -387 120
855 -383 62
855 -367 83
849 -361 94
841 -405 96
765 -411 72
787 -407 81
789 -405 91
795 -391 78
771 -399 86
767 -415 77
757 -403 77
771 -401 62
755 -401 67
769 -399 72
765 -405 65
737 -395 48
709 -381 20
645 -371 -9
511 -367 -29
273 -383 -46
103 -345 -73
-119 -311 -100
-367 -343 -100
-563 -265 -19
-727 -255 62
-849 -179 135
-943 -121 225
-1025 -87 240
-1161 -55 363
-1257 -27 451
-1345 55 563
-1399 91 676
-1425 61 830
-1457 101 984
-1459 133 1102
-1439 107 1163
-1425 133 1220
-1387 117 1247
-1391 137 1285
-1383 107 1251
-1413 135 1268
-1413 141 1234
-1433 137 1244
-1413 139 1230
-1417 135 1232
-1405 149 1242
-1411 141 1244
-1401 117 1235
-1415 137 1272
-1387 183 1271
-1379 235 1253
-1345 295 1285
-1309 379 1265
-1295 459 1287
-1259 511 1302
-1241 555 1287
-1199 585 1311
-1155 683 1312
-1111 733 1336
-1017 841 1305
-859 983 1324
-689 1109 1273
-535 1201 1222
-381 1299 1229
-271 1331 1173
-151 1349 1181
-89 1379 1117
11 1413 1165
113 1417 1143
169 1413 1097
173 1391 1075
133 1411 1131
51 1393 1099
41 1397 1108
-9 1391 1127
13 1407 1113
15 1389 1101
9 1393 1134
11 1389 1083
-13 1393 1113
19 1403 1102
-3 1389 1092
3 1389 1100
-13 1395 1098
15 1401 1100
25 1381 1071
-9 1385 1126
-21 1381 1105
-5 1371 1107
31 1409 1106
5 1397 1094
21 1399 1111
25 1393 1115
-3 1383 1104
25 1399 1132
9 1371 1091
25 1379 1116
3 1401 1107
-15 1383 1113
-13 1383 1109
-9 1389 1117
-15 1393 1095
-21 1385 1104
-13 1401 1079
3 1379 1128
-9 1393 1121
-7 1377 1075
-29 1399 1105
-9 1391 1109
-31 1397 1115
-19 1407 1111
3 1395 1123
-21 1393 1095
-21 1401 1096
-27 1385 1121
-17 1373 1122
-27 1409 1109
-43 1389 1112
-25 1379 1083
-41 1385 1106
-43 1385 1092
-37 1377 1104
-19 1381 1127
-15 1377 1097
-23 1383 1119
-21 1387 1132
-15 1381 1107
-23 1397 1106
-9 1383 1098
-19 1385 1092
-17 1393 1139
-9 1403 1093
-27 1393 1084
-3 1369 1096
-19 1397 1086
-21 1383 1058
-49 1411 1113
-23 1403 1091
-5 1387 1104
-29 1381 1085
-19 1389 1101
-29 1379 1094
-11 1399 1078
-17 1375 1110
-21 1397 1085
-5 1385 1096
3 1389 1104
9 1415 1117
-25 1383 1086
-39 1391 1097
-41 1405 1081
-19 1403 1073
-11 1385 1117
-15 1391 1097
-17 1401 1087
-21 1387 1086
1 1383 1099
-17 1389 1100
-11 1401 1086
-19 1375 1103
-21 1389 1104
5 1391 1101
-33 1401 1112
-37 1387 1116
-33 1385 1107
-25 1389 1105
-21 1385 1098
-23 1399 1081
-21 1393 1089
-17 1401 1081
-39 1387 1082
-27 1391 1099
-23 1391 1071
-15 1403 1091
-1 1395 1090
-21 1391 1109
13 1407 1066
-15 1385 1092
-13 1395 1098
-37 1381 1055
-43 1409 1111
-19 1389 1101
-23 1397 1081
-47 1383 1105
-21 1397 1109
-13 1401 1093
-13 1395 1075
-23 1381 1082
-7 1383 1077
-17 1385 1109
-25 1397 1109
-21 1397 1100
-23 1397 1100
-13 1395 1083
-25 1395 1095
-17 1399 1085
-7 1387 1095
-15 1391 1114
-39 1403 1110
-9 1421 1111
-33 1391 1051
-7 1397 1075
-19 1401 1056
-35 1397 1109
-33 1389 1083
-21 1409 1093
-21 1411 1088
-45 1393 1095
-29 1389 1103
-19 1383 1116
-13 1381 1098
-33 1405 1094
-31 1407 1117
-37 1391 1093
-21 1403 1064
-31 1405 1106
-17 1395 1087
-21 1407 1099
-27 1383 1058
-9 1397 1052
11 1391 1073
21 1399 1092
-27 1383 1080
-45 1397 1096
-17 1399 1090
-17 1395 1111
-17 1375 1120
-27 1371 1128
-27 1383 1079
-51 1411 1111
-37 1379 1144
-65 1381 1112
-65 1371 1123
-45 1381 1111
-29 1379 1110
-35 1399 1076
-37 1381 1120
-45 1379 1125
-51 1403 1078
-39 1375 1113
-51 1383 1156
-41 1385 1125
-45 1405 1095
-47 1381 1111
-45 1399 1135
-43 1393 1113
-49 1379 1125
-43 1371 1138
-55 1385 1130
-43 1389 1121
-45 1379 1140
-51 1367 1127
-57 1379 1131
-57 1379 1165
-79 1405 1143
-77 1387 1141
-59 1355 1113
-75 1355 1156
-105 1373 1143
-91 1347 1162
-105 1363 1131
-73 1359 1138
-77 1377 1148
-55 1375 1117
-41 1383 1134
-31 1387 1101
-45 1385 1112
-37 1389 1125
-51 1397 1146
-23 1389 1113
-27 1375 1109
-61 1375 1152
-49 1377 1093
-47 1361 1116
-37 1377 1085
-55 1393 1098
1423 657 951
1347 759 963
1251 853 976
1191 919 1006
1085 995 1017
983 1103 1046
853 1155 1071
701 1181 1117
583 1209 1099
567 1237 1134
569 1239 1156
569 1219 1138
569 1241 1170
583 1239 1143
571 1259 1161
561 1245 1148
563 1251 1143
561 1239 1150
577 1253 1177
563 1233 1142
579 1249 1164
577 1251 1186
553 1263 1177
569 1261 1174
565 1223 1163
543 1241 1148
557 1261 1164
567 1265 1159
583 1255 1155
563 1273 1191
559 1229 1129
583 1235 1140
575 1229 1130
585 1249 1170
575 1245 1143
557 1233 1168
571 1253 1148
555 1239 1167
581 1241 1171
545 1261 1156
581 1235 1152
571 1249 1161
569 1247 1145
561 1219 1167
663 1215 1138
725 1181 1134
873 1145 1063
993 1085 1024
1109 1005 1023
1205 915 996
1263 833 925
1353 755 939
1435 639 934
1459 545 928
1539 435 919
1559 351 887
1609 215 876
1625 115 852
1651 13 861
1653 -117 851
1647 -213 880
1639 -345 867
1615 -427 843
1609 -537 855
1581 -623 861
1559 -753 862
1495 -843 851
1417 -923 882
1429 -1037 879
1321 -1119 877
1291 -1215 877
1235 -1289 926
1147 -1349 882
1091 -1427 881
979 -1511 896
915 -1537 893
823 -1605 912
739 -1629 904
653 -1679 928
563 -1721 926
485 -1741 913
385 -1759 950
307 -1797 944
221 -1817 973
125 -1803 965
15 -1803 964
-77 -1827 1044
-165 -1819 1050
-249 -1801 1027
-335 -1755 1022
-435 -1709 1017
-521 -1693 1055
-605 -1655 1080
-695 -1601 1121
-795 -1541 1137
-855 -1491 1136
-943 -1385 1211
-1033 -1323 1212
-1097 -1235 1209
-1165 -1139 1239
-1191 -1041 1223
-1239 -961 1277
-1275 -839 1322
-1305 -755 1295
-1317 -649 1350
-1353 -515 1364
-1353 -401 1352
-1353 -287 1390
-1339 -175 1365
-1311 -77 1398
-1287 43 1406
-1267 157 1398
-1205 295 1432
-1143 391 1445
-1095 509 1437
-977 627 1422
-913 723 1432
-815 837 1408
-679 917 1407
-577 971 1392
-457 1067 1357
-335 1147 1355
-213 1185 1300
-65 1235 1278
47 1229 1233
183 1291 1228
297 1245 1195
445 1257 1177
519 1259 1155
521 1251 1169
515 1269 1186
541 1263 1192
527 1245 1151
529 1257 1168
533 1237 1164
535 1245 1171
529 1251 1180
523 1259 1139
531 1241 1165
521 1237 1176
545 1233 1188
547 1243 1189
535 1239 1187
537 1251 1165
507 1233 1145
527 1247 1183
533 1249 1155
529 1249 1159
525 1223 1165
545 1241 1173
549 1237 1174
545 1219 1146
549 1229 1159
535 1249 1165
527 1243 1168
537 1259 1179
531 1251 1164
521 1251 1164
527 1259 1172
527 1215 1192
541 1163 1225
509 1123 1278
519 1081 1337
523 1009 1328
549 939 1390
555 841 1406
549 811 1438
545 721 1492
545 639 1458
541 585 1495
545 501 1521
563 433 1519
573 345 1491
603 287 1530
603 229 1503
613 147 1452
639 47 1455
683 -23 1416
717 -85 1421
743 -147 1345
761 -193 1329
791 -287 1284
859 -341 1221
897 -411 1163
967 -427 1114
1027 -519 1055
1095 -565 994
1159 -613 933
1217 -673 883
1291 -729 800
1375 -815 762
1449 -879 683
1525 -947 626
1559 -1013 602
1615 -1093 539
1603 -1195 444
1579 -1235 429
1541 -1313 383
1493 -1327 364
1435 -1385 283
1347 -1397 249
1233 -1401 227
1135 -1367 138
1007 -1319 94
907 -1215 24
799 -1087 -25
685 -979 -76
631 -819 -142
577 -689 -178
499 -511 -210
467 -331 -291
421 -157 -259
423 29 -285
437 175 -291
421 335 -285
443 435 -241
463 583 -169
499 657 -149
467 743 -120
491 845 -101
505 917 -43
515 989 34
535 1045 71
533 1095 120
521 1143 155
535 1199 198
535 1255 239
537 1299 317
529 1299 356
555 1345 438
537 1373 414
521 1415 520
543 1427 523
537 1441 610
547 1429 698
543 1415 757
525 1455 785
563 1447 876
539 1431 899
539 1387 1006
551 1373 1007
575 1315 1102
557 1287 1130
553 1285 1145
547 1285 1131
561 1291 1153
549 1251 1160
555 1281 1151
521 1285 1149
543 1279 1158
525 1269 1157
539 1261 1136
547 1267 1152
539 1261 1161
509 1269 1175
525 1269 1154
541 1271 1163
531 1271 1152
539 1275 1137
539 1275 1158
525 1267 1162
531 1271 1158
529 1251 1155
541 1273 1127
541 1293 1135
529 1263 1129
519 1271 1165
561 1285 1122
545 1285 1161
543 1277 1162
541 1287 1145
527 1289 1128
531 1261 1136
551 1251 1140
527 1245 1138
529 1251 1162
521 1261 1141
529 1259 1149
513 1269 1123
509 1265 1134
509 1277 1151
513 1279 1129
501 1259 1114
505 1279 1156
507 1263 1154
513 1261 1139
511 1269 1165
517 1285 1128
523 1261 1134
523 1249 1121
507 1273 1091
507 1263 1113
505 1271 1134
507 1281 1144
513 1261 1154
501 1257 1116
495 1275 1154
513 1293 1149
521 1279 1143
515 1285 1171
505 1281 1147
491 1283 1108
537 1287 1150
509 1281 1148
475 1263 1160
497 1275 1169
519 1263 1166
523 1279 1162
523 1273 1142
515 1277 1129
525 1275 1124
523 1275 1155
529 1271 1138
529 1293 1125
523 1273 1157
533 1285 1140
519 1271 1153
525 1277 1109
521 1271 1126
523 1263 1147
507 1265 1134
527 1267 1166
519 1289 1175
517 1257 1169
513 1275 1171
517 1271 1151
529 1277 1174
507 1287 1134
525 1261 1139
527 1257 1147
529 1277 1128
529 1271 1159
519 1275 1136
527 1279 1107
517 1265 1129
503 1281 1129
525 1281 1142
509 1259 1144
517 1267 1129
513 1269 1128
501 1263 1132
529 1271 1152
521 1273 1134
527 1273 1128
521 1279 1105
515 1265 1136
515 1283 1142
519 1283 1115
521 1267 1112
529 1275 1121
519 1281 1140
535 1281 1124
501 1271 1112
537 1271 1140
507 1287 1132
539 1255 1149
523 1279 1135
523 1289 1159
513 1287 1136
513 1273 1138
523 1281 1140
521 1265 1137
521 1273 1150
509 1287 1126
533 1281 1129
527 1275 1166
523 1281 1146
527 1281 1132
517 1287 1139
517 1285 1121
519 1273 1137
515 1283 1149
527 1265 1139
495 1271 1129
529 1273 1124
519 1285 1129
505 1271 1134
503 1273 1139
531 1271 1161
549 1279 1162
507 1279 1128
535 1303 1143
539 1285 1144
517 1285 1155
519 1275 1152
503 1285 1168
517 1275 1134
549 1271 1174
593 1255 1150
587 1283 1117
623 1283 1074
663 1281 1107
679 1303 1073
727 1313 1057
741 1321 1027
777 1339 1003
777 1333 972
819 1347 957
843 1351 956
877 1349 944
557 1219 1120
557 1221 1149
579 1213 1174
575 1213 1147
567 1221 1128
565 1251 1167
545 1237 1148
569 1227 1131
581 1219 1141
567 1197 1175
571 1221 1195
565 1213 1160
573 1211 1146
553 1225 1138
563 1233 1143
561 1223 1153
573 1231 1166
583 1231 1138
571 1221 1183
583 1241 1148
561 1227 1155
579 1223 1127
553 1225 1151
571 1221 1143
569 1227 1174
581 1235 1130
557 1239 1157
555 1231 1154
557 1229 1162
575 1223 1182
563 1235 1164
567 1215 1159
571 1219 1181
573 1213 1123
579 1223 1152
575 1217 1155
571 1245 1163
577 1229 1167
567 1217 1149
577 1211 1156
653 1219 1141
727 1155 1152
885 1131 1103
1005 1069 1064
1121 993 1017
1189 897 997
1293 827 971
1353 713 944
1413 643 929
1493 507 914
1533 423 889
1587 319 889
1593 229 871
1595 121 888
1647 21 856
1655 -109 878
1685 -219 846
1669 -337 836
1617 -425 860
1607 -517 839
1595 -629 861
1537 -735 851
1507 -813 877
1471 -945 839
1401 -1047 868
1347 -1137 838
1279 -1209 856
1197 -1293 870
1133 -1369 876
1065 -1411 872
979 -1477 876
909 -1521 859
829 -1601 909
739 -1639 932
675 -1683 938
573 -1719 949
497 -1739 937
399 -1781 961
333 -1779 949
225 -1815 949
147 -1819 943
45 -1799 1017
-65 -1801 1017
-139 -1797 1004
-245 -1761 1023
-331 -1763 1028
-425 -1707 1040
-503 -1683 1061
-579 -1641 1080
-695 -1611 1081
-771 -1537 1112
-853 -1457 1096
-923 -1423 1099
-999 -1321 1195
-1075 -1255 1209
-1123 -1173 1221
-1181 -1055 1254
-1231 -945 1253
-1267 -839 1276
-1303 -733 1291
-1323 -649 1348
-1339 -515 1331
-1315 -417 1341
-1323 -309 1360
-1327 -207 1362
-1313 -97 1413
-1283 25 1345
-1247 145 1417
-1213 237 1387
-1153 363 1385
-1087 477 1410
-1015 575 1415
-931 705 1393
-823 811 1397
-719 881 1397
-611 975 1375
-473 1071 1365
-343 1105 1336
-213 1161 1298
-93 1203 1329
35 1247 1251
191 1249 1213
291 1251 1238
395 1239 1161
489 1207 1167
509 1225 1176
513 1245 1185
523 1241 1181
535 1231 1124
537 1241 1174
533 1241 1172
535 1233 1131
537 1241 1156
525 1247 1165
547 1233 1162
503 1233 1176
537 1237 1188
545 1261 1153
529 1255 1175
523 1247 1155
521 1253 1183
513 1255 1174
545 1243 1186
531 1247 1156
529 1245 1159
535 1243 1167
513 1251 1148
529 1251 1145
545 1231 1168
541 1233 1168
533 1217 1183
523 1245 1149
531 1233 1182
543 1241 1159
527 1247 1189
541 1227 1209
543 1171 1248
537 1133 1282
551 1073 1315
555 1029 1329
549 929 1361
539 877 1431
527 801 1450
533 711 1446
545 665 1485
541 575 1482
553 517 1503
537 465 1500
545 341 1481
571 289 1501
607 189 1487
609 137 1461
629 49 1418
671 -9 1381
703 -111 1380
737 -145 1357
751 -195 1303
805 -251 1274
849 -313 1246
903 -387 1166
951 -459 1105
987 -467 1074
1087 -535 984
1149 -603 933
1241 -647 865
1307 -721 819
1357 -771 781
1433 -857 681
1487 -925 665
1545 -991 588
1559 -1081 507
1587 -1127 502
1583 -1231 438
1567 -1259 400
1475 -1321 336
1429 -1351 314
1341 -1389 259
1213 -1359 196
1121 -1297 193
993 -1259 111
891 -1189 23
809 -1081 16
723 -963 -94
613 -793 -144
541 -669 -188
491 -529 -218
443 -345 -240
413 -171 -279
385 -21 -245
405 141 -294
369 289 -262
395 429 -223
409 559 -187
417 691 -97
455 721 -85
467 821 -68
457 895 23
467 959 43
465 1001 74
473 1069 117
483 1117 164
483 1187 191
475 1221 247
455 1263 315
475 1319 352
483 1369 376
483 1381 461
479 1397 518
501 1425 571
499 1445 618
491 1471 674
483 1461 739
491 1443 763
499 1453 874
503 1445 921
513 1425 978
519 1359 1041
497 1353 1091
503 1307 1138
505 1273 1135
485 1271 1168
517 1287 1132
507 1283 1129
511 1281 1160
503 1303 1154
499 1283 1170
513 1291 1162
513 1283 1155
503 1289 1159
491 1297 1205
501 1287 1179
509 1291 1147
511 1293 1167
517 1281 1184
509 1281 1156
515 1283 1162
521 1297 1158
495 1279 1182
489 1279 1164
515 1287 1205
503 1287 1179
507 1303 1165
497 1295 1150
503 1281 1168
509 1275 1197
507 1265 1144
507 1293 1163
505 1283 1145
503 1257 1159
495 1281 1147
495 1269 1149
437 1265 1148
403 1283 1172
373 1275 1191
337 1269 1228
299 1265 1217
243 1263 1196
209 1273 1168
183 1293 1174
131 1299 1175
87 1291 1225
45 1299 1174
-15 1295 1163
-57 1299 1136
-89 1311 1128
-101 1307 1116
-147 1341 1088
-169 1321 995
-193 1353 949
-223 1373 907
-225 1363 889
-231 1387 859
-225 1399 856
-215 1399 827
-203 1407 783
-211 1445 763
-185 1447 691
-207 1467 690
-139 1477 629
-123 1501 646
-91 1511 586
-61 1547 584
-31 1563 532
41 1569 490
81 1583 511
121 1597 483
151 1611 457
207 1613 491
235 1627 459
307 1651 453
359 1627 472
381 1635 455
427 1613 457
481 1605 444
517 1627 464
575 1619 441
591 1623 471
635 1597 483
661 1603 492
695 1585 536
725 1557 514
785 1557 528
763 1547 546
811 1559 580
839 1519 588
855 1519 635
855 1503 601
873 1491 628
885 1475 652
897 1487 665
903 1471 670
883 1479 674
893 1475 671
915 1473 720
907 1455 730
919 1447 761
911 1435 781
879 1429 805
883 1419 817
887 1413 839
865 1397 830
841 1399 911
823 1377 900
817 1371 917
789 1355 959
779 1357 949
765 1349 925
755 1333 994
707 1325 982
689 1343 1037
657 1325 1063
643 1301 1090
627 1317 1087
581 1305 1126
553 1283 1133
531 1275 1125
517 1297 1150
533 1285 1144
521 1297 1135
507 1287 1121
515 1281 1139
517 1271 1157
525 1269 1144
505 1301 1152
521 1297 1145
517 1287 1138
539 1285 1125
527 1285 1129
523 1299 1149
525 1293 1144
507 1291 1118
519 1271 1181
527 1287 1168
527 1293 1137
527 1283 1115
551 1289 1121
517 1293 1154
559 1301 1121
593 1283 1117
609 1305 1106
639 1317 1056
677 1325 1079
705 1299 1038
729 1323 969
771 1345 977
799 1367 996
813 1389 913
823 1411 929
859 1393 868
861 1397 876
875 1397 877
877 1403 859
885 1417 879
873 1415 873
879 1413 883
895 1405 867
877 1415 834
869 1419 847
897 1433 869
891 1407 865
